82 97 45 88 64 41 45 48 62 44 63 90 84 57
92 54 88 99 76 47 59 81 97 97 54 86 87 82
66 84 72 81 67 99 54 94 42 62 89 79 94
78 71 51 59 98 56 48 91 48 63 70 60 45
47 76 95 42 97 86 83 47 66 55 48
57 52 51 92 69 87 88 78 83
57 60 77 70 75 58 43 63 69 82 91
93 59 48 71 72 84 60 45
66 83 53 52 86 82 71 47 44 60 78 69 92 89
62 81 87 50 63 62 100 100 85
64 66 91 92 92 68 46 51 45 43
90 58 44 92 63 44 61 75 73 70
88 68 90 53 76 74 74 60 97 75 47 66 94 59 41
88 87 88 51 47 100 60 42 54 75 96 74 57 82 41
99 57 87 41 67 71 69 41 57 82 80 69
98 91 90 100 64 46 94 64
46 76 66 98 93 49 90 87 67 84 53 78 62 48
75 52 57 92 61 57 74 86 45 46 99 68 86
61 71 84 66 56 57 52 50 77 64 91 83 48
94 72 48 64 66 100 90 66 78 50 68
49 72 64 98 64 83 92 100 82 83 69 48
76 75 100 59 54 51 44 66 86 64
96 57 69 87 41 70 42 55 75 50 94 93 86 93 54
60 55 74 61 71 85 75 87 43 99
99 79 82 64 43 50 67 85 60 62 47 97 85 62 96
46 48 62 55 92 68 50 54 47 83 62 69 67 98 72 65 42
79 47 45 68 99 54 88 49 80
87 83 48 56 67 79 75 84 87 93 94 57 57
60 72 85 48 44 44 59 83 88
83 52 59 84 59 97 85 42 62
59 50 85 58 77 85 58 91 80 89 76 81 92 46
67 93 70 56 45 77 55 57 61
52 67 94 43 86 81 47 78 61 97 49 49 54 94
78 51 86 94 74 46 62 57 53 57 83 99
100 72 99 55 67 78 72 44 47 42 86
63 55 81 87 44 69 58 62 46
81 90 77 84 91 58 85 68 98 59 47
50 98 63 52 71 89 84 100 55 44 99 81 98 84 99
94 87 90 90 55 56 76 53 67
72 46 74 54 83 71 60 60 73 84
45 81 64 99 91 98 43 88 73 87 84 50 100 61
74 51 93 89 65 53 43 47 69 74 75
42 42 72 41 93 82 47 68 75 79
91 43 76 57 44 41 96 79 76 50 62 69 68 84 94
75 90 68 50 44 90 88 76 57 76 77 95 73 49 58
53 84 53 56 92 50 99 41 62
75 95 63 71 79 60 47 71 55 71 84 91 86 67 67
93 60 64 42 46 93 55 81 86 58
85 50 78 57 98 93 43 78 53 96 43 93 81 65
68 86 74 93 56 43 62 62 44 76 91 86
74 90 68 43 100 90 95 85 79 50 46 69 98 87
76 50 61 66 90 89 100 47 97 57 53
78 48 76 78 44 67 66 95 65 60 62 58 62
66 74 47 67 79 83 59 71 71 56 50 80 59 100
50 82 77 77 77 42 61 47 90 59
64 63 57 82 45 99 72
64 53 53 79 91 64 92 45 86 88
92 89 100 42 53 94 41 82 71 89 51
84 85 51 95 88 66 76 54 72 70
90 63 80 70 47 57 100 79 65 84 94 49 97 95
97 56 70 65 61 41 45 95 94 93 71 52 90
62 66 71 76 97 42 56 96 73 77 83 89 87 55 57 48
74 48 78 45 95 85 44 44 41 59
73 44 56 98 100 41 65 76 62 41 94 92
67 50 68 89 78 67 81 93 82 58 90 58 79 50 74
100 45 82 46 64 48 71 64 77
71 70 98 100 50 84 86 77 52 43 66 73
47 58 51 51 53 65 48 72 87 62 72 73
60 82 68 43 92 66 76 42 53 79 82 41 81 86
60 78 49 43 69 59 57 78 85 67 62 75
43 100 97 92 62 69 46 53 56 61
88 42 95 95 53 53 47 63 73 47 68 67 43
99 42 72 92 54 84 69 80 69
68 65 99 100 88 84 93 93 70 47
61 54 100 51 82 66 78 94 73 44 95
54 85 56 70 51 83 48 59 82 53 67 57
67 50 70 53 80 78 84 98 44 74 92 54 60
86 62 93 79 76 81 46 53 95 74 82 88
81 82 95 84 78 45 45 46 79
78 76 93 67 45 73 45 81 58 47 95 96
90 62 70 94 62 88 67
88 42 81 84 41 51 59 79
41 79 97 45 53 45 90 74 57 41 69 68 94 79
98 57 82 100 57 83 66 56 43 94 97 64 73 85
45 87 66 82 68 94 79 76 99 98 44 58
48 99 93 93 72 55 49 89 81
70 80 64 51 86 61 52 60 83 71 81 87 74 50
60 94 49 59 49 94 51 68 71 83 85 75 77
82 72 76 65 49 68 98 69 75 47 73 97
89 75 62 95 61 87 81 57 80 96 90 84 89 62 77
77 95 68 61 80 90 52 99 55 46 94 67
65 62 89 77 60 79 75 81 45 88 99 52 83 49
68 75 67 100 94 81 80 87 79 81 76 79 72
74 71 60 77 49 83 96
98 80 60 74 75 53 54 86 55 98 57 65 83
88 74 77 65 74 46 45 93 100 75 98 87 68 99 93 70
53 90 47 48 97 71 70 93 51 78 88 45 57 74
56 83 80 64 79 66 98 93 100 79 50 50 55 55
52 84 71 50 93 98 41 65 88 55 51 44
99 93 53 83 88 49 98 96 93 90 56 51 76 46 51
